lat_north = 24.789596
lat_south = 24.787244
lon_east  = 121.002123
lon_west  = 120.997727
datum_lat = 24.78842
datum_lon = 120.999925

