lat_north = 24.789009
lat_south = 24.788325
lon_east  = 121.001076
lon_west  = 120.999724
datum_lat = 24.788666
datum_lon = 121.0004085
