lat_north = 25.077383333333334
lat_south = 25.075375
lon_east  = 121.54796944444445
lon_west  = 121.543942
datum_lat = 25.075672222222224
datum_lon = 121.54459444444444
