lat_north = 25.076638888888887
lat_south = 25.07555
lon_east  = 121.5454861111111
lon_west  = 121.54329444444444
datum_lat = 25.075658333333333
datum_lon = 121.54475833333333
