lat_north = 21.311444
lat_south = 21.306981
lon_east  = -157.887144
lon_west  = -157.892589
datum_lat = 21.30996
datum_lon = -157.8901
