lat_north = 21.31190833
lat_south = 21.30270000
lon_east  = -157.88111111
lon_west  = -157.89527778
datum_lat = 21.31102500
datum_lon = -157.88972222