lat_north = 21.31214722
lat_south = 21.30840278
lon_east  = -157.88650600
lon_west  = -157.89285800
datum_lat = 21.31134444
datum_lon = -157.88995000

