lat_north = 22.62563333
lat_south = 22.57708333
lon_east  = -120.23833333
lon_west  = -120.31722222
datum_lat = 22.59819167
datum_lon = -120.28388889